"TOA5","E7331","CR1000","E7331","CR1000.Std.26","CPU:rad_tower_v1_2.CR1","7834","Rad_dhm"
"TIMESTAMP","RECORD","SR01Up_Avg","SR01Up_Std","SR01Dn_Avg","SR01Dn_Std","IR01UpCo_Avg","IR01UpCo_Std","IR01DnCo_Avg","IR01DnCo_Std","NR01TC_Avg","NR01TC_Std","NetRs_Avg","NetRs_Std","NetRl_Avg","NetRl_Std","Albedo_Avg","Albedo_Std","UpTot_Avg","UpTot_Std","DnTot_Avg","DnTot_Std","NetTot_Avg","NetTot_Std","Tsurf_Avg","Tsurf_Std","Tsky_Avg","Tsky_Std","PAR_Std","PAR_Avg","PAR_Tot"
"TS","RN","W/m^2","W/m^2","W/m^2","W/m^2","W/m^2","W/m^2","W/m^2","W/m^2","Deg C","Deg C","W/m^2","W/m^2","W/m^2","W/m^2",".",".","W/m^2","W/m^2","W/m^2","W/m^2","W/m^2","W/m^2","Deg C","Deg C","Deg C","Deg C","umol/s/m^2","umol/s/m^2","umol/s/m^2"
"","","Avg","Std","Avg","Std","Avg","Std","Avg","Std","Avg","Std","Avg","Std","Avg","Std","Avg","Std","Avg","Std","Avg","Std","Avg","Std","Avg","Std","Avg","Std","Std","Avg","Tot"
"2017-05-30 01:00:00",31519,-5.387,0.443,-0.697,0.301,348,2.982,408.2,2.618,20.81,0.428,-4.689,0.174,-60.23,0.634,0.126,0.046,342.6,2.98,407.5,2.575,-64.92,0.727,18.14,0.466,6.739,0.598,0.001,0.006,21.30982
"2017-05-30 02:00:00",31520,-5.424,0.247,-0.63,0.297,342.9,0.841,402.3,1.4,19.96,0.239,-4.794,0.194,-59.4,0.671,0.115,0.051,337.5,0.946,401.7,1.514,-64.2,0.689,17.08,0.252,5.722,0.171,0.016,0.016,57.1249
"2017-05-30 03:00:00",31521,-1.934,3.076,-0.259,0.262,341.3,0.39,398,1.102,19.14,0.219,-1.675,2.923,-56.74,0.961,"NAN","NAN",339.3,2.979,397.7,1.005,-58.42,3.809,16.3,0.2,5.382,0.08,6.77,6.173,22224.36
"2017-05-30 04:00:00",31522,52.84,35.09,4.225,2.871,340.3,0.711,397.9,1.917,17.62,0.645,48.61,32.25,-57.63,2.227,0.072,0.024,393.1,34.7,402.1,4.661,-9.01,30.06,16.29,0.348,5.184,0.145,52.5,96.1,345943.4
"2017-05-30 05:00:00",31523,141.2,26.95,12.75,2.083,363,13.07,413.9,5.656,19,0.721,128.4,25.06,-50.88,7.651,0.091,0.007,504.2,23.2,426.7,5.947,77.53,21.38,19.15,1.003,9.69,2.567,34.75,246.5,887237.9
"2017-05-30 06:00:00",31524,289.5,151,28.13,14.32,354.5,7.315,430.5,12.77,20.47,1.299,261.3,136.7,-76.01,9.51,0.098,0.004,644,153.3,458.7,25.73,185.3,128.5,22.02,2.176,8.04,1.443,222.8,451,1623507
"2017-05-30 07:00:00",31525,291.6,74.13,31.18,7.38,384.9,7.111,452.6,2.505,22.75,0.153,260.4,66.8,-67.62,6.591,0.107,0.003,676.5,70.71,483.7,8.82,192.8,62.19,25.75,0.414,13.88,1.338,118.8,522.6,1881362
"2017-05-30 08:00:00",31526,578.5,176.9,60.75,18.68,367.1,7.643,472.4,15.07,24.16,0.974,517.7,158.3,-105.3,19.93,0.105,0.002,946,171.9,533.1,32.89,412.4,139.9,28.94,2.411,10.49,1.462,322,1004,3613017
"2017-05-30 09:00:00",31527,785.8,79.51,90.7,11.44,372,3.601,503.5,5.57,26.18,0.372,695,69.02,-131.5,7.709,0.115,0.006,1158,78.03,594.3,16.23,563.5,65.02,33.83,0.849,11.45,0.685,147.4,1425,5130053
"2017-05-30 10:00:00",31528,856,27.66,100.4,3.859,377.5,2.194,526.5,5.466,28.27,0.484,755.5,26.61,-149,3.445,0.117,0.005,1233,28.69,626.9,4.536,606.5,24.64,37.27,0.807,12.49,0.415,57.06,1580,5689294
"2017-05-30 11:00:00",31529,871,62.47,94.9,6.814,383.9,1.298,539.3,4.926,29.56,0.463,776.4,55.93,-155.4,3.945,0.109,0.002,1255,62.68,634.3,9.2,621,54.31,39.15,0.712,13.7,0.242,113.8,1631,5870803
"2017-05-30 12:00:00",31530,876,6.703,97.4,4.188,389.5,1.771,547.4,2.448,30.56,0.207,778.4,8.29,-157.9,3.345,0.111,0.005,1265,6.379,644.9,3.607,620.5,7.203,40.31,0.35,14.75,0.327,13.92,1651,5944984
"2017-05-30 13:00:00",31531,744.9,203.3,99.9,28.81,396.6,3.098,541,7.793,30.83,0.345,645,174.9,-144.4,7.659,0.132,0.011,1141,203.3,640.9,34.06,500.6,169.8,39.38,1.131,16.04,0.562,362.9,1397,5030283
"2017-05-30 14:00:00",31532,547.3,296.8,67.89,40.34,418.5,3.932,531.5,16.93,30.91,0.73,479.4,256.6,-113,17.32,0.119,0.01,966,295.6,599.4,54.47,366.4,242.7,37.97,2.472,19.96,0.688,529.7,1023,3683702
"2017-05-30 15:00:00",31533,411.6,251.2,50.31,31.71,409.7,13.26,499.9,10.12,29.2,0.442,361.3,219.6,-90.2,18.83,0.12,0.009,821,248.1,550.2,39.19,271.2,210,33.27,1.55,18.38,2.345,445.2,766.2,2758239
"2017-05-30 16:00:00",31534,142.4,41,16.26,4.921,397.4,5.879,476.7,3.009,27.52,0.355,126.1,36.11,-79.38,6.141,0.114,0.004,539.7,41.92,493,6.658,46.72,36.2,29.66,0.479,16.18,1.068,75.56,277.1,997495.8
"2017-05-30 17:00:00",31535,17.36,22.43,4.815,2.741,407.9,6.589,444.8,18.27,23.68,2.583,12.54,22.82,-36.83,18.5,"INF","NAN",425.3,21.62,449.6,17.48,-24.29,8.03,24.4,3.075,18.08,1.175,40.01,44.07,158642.8
"2017-05-30 18:00:00",31536,-0.612,0.932,2.716,0.781,398,1.881,413.8,0.601,18.72,0.24,-3.328,1.462,-15.88,2.026,"NAN","NAN",397.4,1.902,416.6,1.201,-19.2,2.562,19.14,0.106,16.29,0.342,0.292,2.497,8990.903
"2017-05-30 19:00:00",31537,-1.963,0.824,2.93,0.689,403.1,1.981,413.1,0.284,19.13,0.206,-4.893,0.751,-9.99,1.933,-1.767,0.729,401.1,2.46,416,0.851,-14.88,2.56,19.01,0.05,17.23,0.357,0.435,0.947,3408.376
"2017-05-30 20:00:00",31538,-3.453,0.234,1.315,0.282,397.4,4.578,410.5,1.686,19.17,0.323,-4.768,0.426,-13.14,2.972,-0.38,0.076,393.9,4.491,411.8,1.715,-17.91,2.99,18.55,0.299,16.19,0.832,0.044,0.039,141.7147
"2017-05-30 21:00:00",31539,-2.831,0.312,0.506,0.253,394.7,1.02,408.8,0.513,19.18,0.297,-3.337,0.259,-14.1,1.397,-0.187,0.104,391.8,1.111,409.3,0.601,-17.43,1.516,18.24,0.091,15.69,0.187,0.001,0.007,26.50314
"2017-05-30 22:00:00",31540,-2.669,0.281,0.207,0.393,395.7,2.383,411.2,0.836,20.14,0.285,-2.876,0.28,-15.43,1.843,-0.089,0.145,393.1,2.496,411.4,0.742,-18.3,1.881,18.67,0.148,15.89,0.435,0.001,0.007,26.56818
"2017-05-30 23:00:00",31541,-2.28,0.654,-0.111,0.459,391.6,1.837,410.6,0.681,19.85,0.243,-2.17,0.427,-19.09,1.325,-0.038,0.381,389.3,1.846,410.5,0.969,-21.26,1.314,18.57,0.121,15.12,0.338,0.001,0.009,31.37783
"2017-05-31 00:00:00",31542,-2.054,0.793,0.17,0.253,382.7,4.531,410.5,0.596,19.85,0.068,-2.224,0.661,-27.79,4.019,-0.161,0.327,380.7,4.942,410.7,0.766,-30.02,4.261,18.55,0.106,13.48,0.848,0.001,0.007,26.83001
