"TOA5","E7331","CR1000","E7331","CR1000.Std.26","CPU:rad_tower_v1_2.CR1","7834","Rad_dhm"
"TIMESTAMP","RECORD","SR01Up_Avg","SR01Up_Std","SR01Dn_Avg","SR01Dn_Std","IR01UpCo_Avg","IR01UpCo_Std","IR01DnCo_Avg","IR01DnCo_Std","NR01TC_Avg","NR01TC_Std","NetRs_Avg","NetRs_Std","NetRl_Avg","NetRl_Std","Albedo_Avg","Albedo_Std","UpTot_Avg","UpTot_Std","DnTot_Avg","DnTot_Std","NetTot_Avg","NetTot_Std","Tsurf_Avg","Tsurf_Std","Tsky_Avg","Tsky_Std","PAR_Std","PAR_Avg","PAR_Tot"
"TS","RN","W/m^2","W/m^2","W/m^2","W/m^2","W/m^2","W/m^2","W/m^2","W/m^2","Deg C","Deg C","W/m^2","W/m^2","W/m^2","W/m^2",".",".","W/m^2","W/m^2","W/m^2","W/m^2","W/m^2","W/m^2","Deg C","Deg C","Deg C","Deg C","umol/s/m^2","umol/s/m^2","umol/s/m^2"
"","","Avg","Std","Avg","Std","Avg","Std","Avg","Std","Avg","Std","Avg","Std","Avg","Std","Avg","Std","Avg","Std","Avg","Std","Avg","Std","Avg","Std","Avg","Std","Std","Avg","Tot"
"2017-05-26 01:00:00",31423,-4.197,0.261,-1.027,0.1,333.7,3.941,370.3,0.62,13.64,0.082,-3.17,0.256,-36.69,3.808,0.245,0.027,329.5,4.157,369.3,0.697,-39.86,4.033,11.14,0.119,3.814,0.816,0,0.007,24.50506
"2017-05-26 02:00:00",31424,-3.102,0.19,-0.957,0.085,345.4,1.047,371.4,0.286,13.36,0.078,-2.146,0.146,-25.96,1.096,0.308,0.02,342.3,1.17,370.4,0.307,-28.1,1.218,11.33,0.055,6.224,0.212,0.005,0.011,38.60685
"2017-05-26 03:00:00",31425,-1.78,2.196,-1.153,0.087,344.1,3.065,371,0.406,13.6,0.142,-0.627,2.173,-26.93,2.704,"NAN","NAN",342.3,2.355,369.9,0.413,-27.56,2.161,11.26,0.078,5.953,0.624,3.841,3.221,11597.23
"2017-05-26 04:00:00",31426,17.1,6.129,1.101,1.002,348.5,6.893,372.1,1.111,12.61,0.902,16,5.217,-23.61,5.936,0.041,0.073,365.6,12.49,373.2,2.044,-7.605,10.54,11.48,0.213,6.84,1.387,9.09,33.85,121855.3
"2017-05-26 05:00:00",31427,46.3,18.69,5.004,1.977,354,3.648,376,1.553,11.63,0.137,41.29,16.72,-21.95,4.212,0.108,0.002,400.3,16,381,3.262,19.34,12.85,12.21,0.294,7.951,0.726,32.87,85.2,306809.1
"2017-05-26 06:00:00",31428,113.4,60.52,12.23,6.264,354.7,3.36,383.3,4.689,12.51,0.502,101.2,54.26,-28.63,6.759,0.11,0.005,468.2,58.38,395.6,10.82,72.59,47.65,13.59,0.876,8.09,0.667,104.7,203.2,731699.9
"2017-05-26 07:00:00",31429,312,124.3,31.85,12.53,338.2,11.21,404,8.05,14.55,0.698,280.2,111.9,-65.73,14.7,0.102,0.004,650.3,126.9,435.8,18.39,214.4,110,17.37,1.447,4.734,2.327,134.5,516.9,1860989
"2017-05-26 08:00:00",31430,545.8,222.6,55.46,22.99,332.1,13.9,431.5,9.69,17.05,0.836,490.4,199.9,-99.4,8.99,0.102,0.006,878,219.9,486.9,27.53,391,194.2,22.19,1.67,3.448,2.926,318.5,890,3204056
"2017-05-26 09:00:00",31431,503.6,324.7,55.13,37.55,355.2,10.74,445.9,12.93,18.08,0.791,448.4,287.5,-90.7,16.25,0.107,0.009,859,320,501,47.46,357.8,273.8,24.62,2.15,8.16,2.128,545,890,3203516
"2017-05-26 10:00:00",31432,600.6,368.9,68.34,43.56,342.2,16.09,453,17.88,18.56,0.993,532.3,325.6,-110.8,23.29,0.11,0.011,943,359.2,521.3,56.22,421.5,304.7,25.78,2.947,5.519,3.262,643.5,1080,3886328
"2017-05-26 11:00:00",31433,669.7,382.5,72.68,41.21,351.8,11.19,462.9,18.92,18.99,0.8,597,341.5,-111.1,23.64,0.109,0.006,1022,375.7,535.6,56.12,486,321.5,27.4,3.074,7.486,2.23,673.4,1211,4358160
"2017-05-26 12:00:00",31434,827,260.3,92,28.71,341.9,11.25,484,10.28,20.1,0.561,734.8,232.2,-142,18.83,0.112,0.008,1169,255.9,576,35.21,592.7,222.9,30.79,1.622,5.489,2.292,455.1,1503,5410441
"2017-05-26 13:00:00",31435,710.6,294.4,93.9,43.88,344.1,13.71,480,11.71,20.49,0.647,616.8,250.7,-135.9,21.85,0.127,0.015,1055,285.1,573.9,52.53,480.9,233.9,30.16,1.855,5.928,2.78,523.4,1302,4687545
"2017-05-26 14:00:00",31436,284.1,146.3,32.69,18.67,374.2,7.263,449.6,11.67,19.62,0.426,251.5,127.7,-75.45,18.44,0.114,0.004,658.3,140,482.3,28.89,176,112,25.24,1.914,11.86,1.399,264.5,529.2,1905243
"2017-05-26 15:00:00",31437,184.9,62.64,20.95,6.963,377.3,3.72,434.2,2.711,19.34,0.247,163.9,55.71,-56.95,5.675,0.114,0.004,562.1,59.66,455.2,9.04,107,50.92,22.67,0.462,12.45,0.707,110.9,345,1241986
"2017-05-26 16:00:00",31438,284.2,78.59,34.37,11,353.9,10.85,439,2.72,20.26,0.218,249.9,67.95,-85.1,9.49,0.12,0.008,638.1,81,473.3,12.45,164.8,69.02,23.48,0.461,7.904,2.163,132,525.3,1891023
"2017-05-26 17:00:00",31439,268.7,44.05,35.71,5.69,334.6,7.63,436.2,2.69,20.9,0.119,233,38.53,-101.6,8.45,0.133,0.005,603.3,43.15,471.9,8.12,131.4,35.31,23.01,0.456,4.006,1.551,82.2,481.2,1732146
"2017-05-26 18:00:00",31440,112.1,53.53,15.28,6.988,342.2,10.2,424.1,6.571,20.25,0.428,96.8,46.57,-81.9,5.384,0.138,0.007,454.3,62.63,439.4,13.4,14.87,49.37,20.93,1.137,5.551,2.058,87.7,191.8,690450.3
"2017-05-26 19:00:00",31441,0.953,14.29,2.677,2.558,365.9,27.09,407,4.879,19,1.318,-1.723,14.55,-41.11,31.04,"NAN","NAN",366.8,17.5,409.7,4.037,-42.84,19.44,17.92,0.875,10.13,5.25,18.26,15.06,54210.78
"2017-05-26 20:00:00",31442,-5.639,0.661,2.055,0.632,391.5,7.025,395.4,2.675,16.65,0.612,-7.694,1.198,-3.861,4.604,-0.36,0.084,385.9,7.125,397.5,2.988,-11.56,4.823,15.83,0.489,15.11,1.291,0.025,0.026,92.31477
"2017-05-26 21:00:00",31443,-5.467,0.335,0.327,0.31,381.9,3.04,390.6,1.006,16.52,0.13,-5.794,0.419,-8.77,2.149,-0.06,0.058,376.4,3.28,391,1.237,-14.56,2.287,14.95,0.186,13.32,0.573,0.001,0.008,29.09399
"2017-05-26 22:00:00",31444,-6.096,0.189,0.447,0.27,362.2,4.089,382.3,2.464,15.5,0.32,-6.543,0.269,-20.11,1.776,-0.074,0.045,356.1,4.138,382.7,2.542,-26.65,1.848,13.39,0.461,9.55,0.796,0,0.007,24.08915
"2017-05-26 23:00:00",31445,-4.129,0.469,-0.511,0.516,376,3.498,383.1,1.223,15.73,0.316,-3.617,0.687,-7.142,2.681,0.124,0.125,371.8,3.858,382.6,0.835,-10.76,3.289,13.55,0.229,12.2,0.668,0.001,0.008,29.73969
"2017-05-27 00:00:00",31446,-4.918,0.879,-0.666,0.473,363.8,14.8,381.9,2.85,15.6,0.389,-4.252,1.299,-18.04,12.01,0.153,0.111,358.9,15.64,381.2,2.42,-22.29,13.26,13.32,0.535,9.83,2.917,0.001,0.007,26.59665
