"TOA5","E7331","CR1000","E7331","CR1000.Std.26","CPU:rad_tower_v1_2.CR1","7834","Rad_dhm"
"TIMESTAMP","RECORD","SR01Up_Avg","SR01Up_Std","SR01Dn_Avg","SR01Dn_Std","IR01UpCo_Avg","IR01UpCo_Std","IR01DnCo_Avg","IR01DnCo_Std","NR01TC_Avg","NR01TC_Std","NetRs_Avg","NetRs_Std","NetRl_Avg","NetRl_Std","Albedo_Avg","Albedo_Std","UpTot_Avg","UpTot_Std","DnTot_Avg","DnTot_Std","NetTot_Avg","NetTot_Std","Tsurf_Avg","Tsurf_Std","Tsky_Avg","Tsky_Std","PAR_Std","PAR_Avg","PAR_Tot"
"TS","RN","W/m^2","W/m^2","W/m^2","W/m^2","W/m^2","W/m^2","W/m^2","W/m^2","Deg C","Deg C","W/m^2","W/m^2","W/m^2","W/m^2",".",".","W/m^2","W/m^2","W/m^2","W/m^2","W/m^2","W/m^2","Deg C","Deg C","Deg C","Deg C","umol/s/m^2","umol/s/m^2","umol/s/m^2"
"","","Avg","Std","Avg","Std","Avg","Std","Avg","Std","Avg","Std","Avg","Std","Avg","Std","Avg","Std","Avg","Std","Avg","Std","Avg","Std","Avg","Std","Avg","Std","Std","Avg","Tot"
"2017-05-01 01:00:00",30823,-5.314,0.258,-0.146,0.09,262.9,0.545,333.9,0.757,6.822,0.089,-5.168,0.189,-70.95,0.306,0.027,0.016,257.6,0.735,333.7,0.832,-76.12,0.192,3.864,0.157,-12.2,0.135,0.001,0.006,23.38295
"2017-05-01 02:00:00",30824,-5.999,0.231,-0.388,0.095,261.7,0.288,330.4,0.994,6.52,0.145,-5.612,0.19,-68.66,0.755,0.064,0.014,255.7,0.44,330,1.056,-74.27,0.77,3.137,0.208,-12.49,0.072,0,0.007,23.79674
"2017-05-01 03:00:00",30825,-5.667,0.427,-0.374,0.098,261.1,0.535,328.1,0.247,5.98,0.211,-5.293,0.37,-66.97,0.621,0.066,0.014,255.4,0.399,327.7,0.258,-72.26,0.432,2.649,0.052,-12.65,0.134,0.17,0.093,334.9097
"2017-05-01 04:00:00",30826,7.856,12.95,1.047,1.414,261.2,2.032,328,1.011,5.434,0.503,6.809,11.54,-66.71,1.474,"NAN","NAN",269.1,14.24,329,2.333,-59.9,11.94,2.626,0.212,-12.62,0.504,18.9,22.44,80780.93
"2017-05-01 05:00:00",30827,113.7,62.38,10.72,5.105,272.1,15.43,334.4,2.71,4.151,0.274,102.9,57.39,-62.32,17.09,0.1,0.014,385.8,52.96,345.2,7.652,40.63,45.67,3.977,0.561,-10.02,3.664,92.4,177,637146.4
"2017-05-01 06:00:00",30828,314.7,68.27,29.18,6.277,258.1,1.246,347.8,4.843,5.643,0.522,285.5,62.14,-89.7,4.74,0.093,0.007,572.7,68.34,376.9,11.03,195.8,57.69,6.695,0.974,-13.41,0.313,104.7,500.8,1803020
"2017-05-01 07:00:00",30829,477,107.2,47.18,10.15,264.7,2.784,368.2,5.993,7.662,0.541,429.8,97.7,-103.6,3.96,0.1,0.01,741.6,107.8,415.4,13.71,326.2,96.3,10.72,1.158,-11.77,0.688,162.5,773.8,2785804
"2017-05-01 08:00:00",30830,554.8,245.6,57.33,24.84,283.9,7.99,383.8,9.6,9.24,0.715,497.5,221.4,-99.9,10.11,0.105,0.011,839,247.1,441.1,32.1,397.6,216.9,13.66,1.786,-7.165,1.869,386.3,924,3324613
"2017-05-01 09:00:00",30831,428.8,176.5,45.92,18.38,317.2,17.52,389.5,5.942,9.87,0.412,382.9,158.4,-72.3,23.05,0.107,0.006,746,169.7,435.4,22.56,310.6,148.6,14.74,1.092,0.26,3.818,290.5,741,2667655
"2017-05-01 10:00:00",30832,560.8,233.1,61.66,27.43,319.4,12.68,396.5,11.39,10.11,0.64,499.1,205.9,-77.1,21.92,0.109,0.006,880,224.3,458.2,36.68,422.1,189.3,16.01,2.05,0.777,2.749,391.7,969,3489771
"2017-05-01 11:00:00",30833,540.8,260.9,58.78,27.55,312.6,10.24,404.5,7.434,11.22,0.309,482.1,233.6,-91.8,10.93,0.109,0.006,853,260.7,463.2,32.8,390.3,228.9,17.46,1.326,-0.676,2.234,443.6,948,3412266
"2017-05-01 12:00:00",30834,746.7,301.8,83.9,34.07,316.4,11.71,425.1,12.13,13.03,0.74,662.8,268.3,-108.7,20.33,0.112,0.007,1063,298.6,508.9,43.26,554.1,258.1,21.08,2.101,0.129,2.557,510.8,1299,4675382
"2017-05-01 13:00:00",30835,786.3,165.4,102.2,22.83,292.3,3.392,429,4.774,13.69,0.298,684.2,143.4,-136.8,5.514,0.129,0.009,1079,164.8,531.2,26.01,547.4,140.1,21.78,0.822,-5.202,0.776,279.9,1377,4958927
"2017-05-01 14:00:00",30836,646.4,120.3,80.4,14.74,288.5,2.02,419.6,3.963,13.59,0.228,566,106,-131.1,4.184,0.125,0.008,935,120.3,500,17.08,434.9,104.5,20.15,0.693,-6.08,0.465,198,1140,4104320
"2017-05-01 15:00:00",30837,521.2,51.56,64.67,5.886,288.7,0.574,410.4,4.299,13.46,0.216,456.5,45.72,-121.7,4.19,0.124,0.002,810,51.59,475,9.94,334.8,41.89,18.52,0.764,-6.03,0.133,90.1,916,3298602
"2017-05-01 16:00:00",30838,346.1,52.15,44.6,6.161,289.5,0.561,396.1,3.098,13.11,0.125,301.5,46,-106.6,3.442,0.129,0.002,635.6,51.73,440.7,9.13,194.9,42.7,15.96,0.565,-5.833,0.13,90.9,611.2,2200288
"2017-05-01 17:00:00",30839,171.5,46.85,23.83,6.065,289.2,0.644,382.7,4.865,12.48,0.4,147.7,40.85,-93.5,4.276,0.14,0.005,460.7,47.43,406.5,10.85,54.21,36.61,13.47,0.91,-5.919,0.149,83.2,304.7,1096859
"2017-05-01 18:00:00",30840,39.5,27.77,5.989,3.744,287.3,0.469,369.1,3.14,11.5,0.298,33.51,24.03,-81.9,2.819,0.179,0.064,326.8,28.09,375.1,6.875,-48.37,21.22,10.9,0.603,-6.36,0.109,46.94,71.71,258172.7
"2017-05-01 19:00:00",30841,-3.5,1.055,0.13,0.129,285.8,0.622,360.6,1.9,11.05,0.326,-3.63,0.935,-74.83,1.307,-0.035,1.003,282.3,1.573,360.7,2.003,-78.46,0.75,9.25,0.372,-6.7,0.145,2.406,1.494,5378.965
"2017-05-01 20:00:00",30842,-3.993,0.172,0.024,0.034,284.3,0.342,355.5,1.329,10.13,0.214,-4.017,0.162,-71.14,1.044,-0.006,0.009,280.4,0.393,355.5,1.345,-75.16,1.016,8.24,0.263,-7.037,0.08,0.001,0.007,24.4408
"2017-05-01 21:00:00",30843,-3.861,0.159,0.005,0.025,283.3,0.406,351.5,1.008,9.39,0.204,-3.865,0.16,-68.24,0.649,-0.001,0.006,279.4,0.381,351.5,1.016,-72.1,0.7,7.457,0.201,-7.28,0.095,0.001,0.007,23.4013
"2017-05-01 22:00:00",30844,-3.971,0.185,-0.028,0.03,281.7,0.531,348.1,0.932,8.81,0.186,-3.943,0.185,-66.43,0.442,0.007,0.007,277.7,0.519,348.1,0.94,-70.37,0.514,6.772,0.187,-7.66,0.125,0.001,0.007,23.47972
"2017-05-01 23:00:00",30845,-3.871,0.19,-0.031,0.027,280.8,0.218,345.4,0.726,8.24,0.169,-3.84,0.196,-64.56,0.603,0.008,0.007,277,0.21,345.4,0.732,-68.4,0.701,6.219,0.147,-7.865,0.052,0.001,0.006,23.38962
"2017-05-02 00:00:00",30846,-3.805,0.175,-0.062,0.034,281.5,0.81,343.3,0.539,7.822,0.089,-3.743,0.172,-61.84,1.267,0.016,0.009,277.7,0.792,343.3,0.554,-65.59,1.255,5.801,0.11,-7.712,0.191,0.001,0.006,23.28283
