"TOA5","E7331","CR1000","E7331","CR1000.Std.26","CPU:rad_tower_v1_2.CR1","7834","Rad_dhm"
"TIMESTAMP","RECORD","SR01Up_Avg","SR01Up_Std","SR01Dn_Avg","SR01Dn_Std","IR01UpCo_Avg","IR01UpCo_Std","IR01DnCo_Avg","IR01DnCo_Std","NR01TC_Avg","NR01TC_Std","NetRs_Avg","NetRs_Std","NetRl_Avg","NetRl_Std","Albedo_Avg","Albedo_Std","UpTot_Avg","UpTot_Std","DnTot_Avg","DnTot_Std","NetTot_Avg","NetTot_Std","Tsurf_Avg","Tsurf_Std","Tsky_Avg","Tsky_Std","PAR_Std","PAR_Avg","PAR_Tot"
"TS","RN","W/m^2","W/m^2","W/m^2","W/m^2","W/m^2","W/m^2","W/m^2","W/m^2","Deg C","Deg C","W/m^2","W/m^2","W/m^2","W/m^2",".",".","W/m^2","W/m^2","W/m^2","W/m^2","W/m^2","W/m^2","Deg C","Deg C","Deg C","Deg C","umol/s/m^2","umol/s/m^2","umol/s/m^2"
"","","Avg","Std","Avg","Std","Avg","Std","Avg","Std","Avg","Std","Avg","Std","Avg","Std","Avg","Std","Avg","Std","Avg","Std","Avg","Std","Avg","Std","Avg","Std","Std","Avg","Tot"
"2017-07-25 01:00:00",32863,-5.661,0.325,-1.06,0.216,358.5,4.374,411.1,1.988,21.11,0.393,-4.602,0.253,-52.66,2.682,0.186,0.033,352.8,4.576,410.1,1.996,-57.26,2.857,18.66,0.353,8.83,0.856,0,0.007,23.8381
"2017-07-25 02:00:00",32864,-5.159,0.492,-0.724,0.317,356.2,1.053,407.3,0.995,20.16,0.349,-4.435,0.361,-51.18,0.897,0.137,0.06,351,0.82,406.6,1.084,-55.62,1.034,17.98,0.178,8.37,0.208,0.001,0.007,24.23668
"2017-07-25 03:00:00",32865,-3.004,1.247,-0.328,0.133,371.7,17.16,406.9,2.032,19.31,0.218,-2.676,1.168,-35.14,15.31,0.118,0.043,368.7,18.38,406.5,2.096,-37.82,16.46,17.9,0.363,11.34,3.302,0.467,0.324,1166.863
"2017-07-25 04:00:00",32866,25.02,17.44,2.561,2.016,369.6,15.5,408,1.872,18.55,0.881,22.46,15.43,-38.46,13.78,"NAN","NAN",394.6,13.79,410.6,1.228,-16,12.65,18.11,0.334,10.94,2.969,28.58,42.65,153545
"2017-07-25 05:00:00",32867,80.1,15.58,8.32,1.445,379.3,9.15,411.4,0.832,18.01,0.117,71.8,14.15,-32.18,9.09,0.104,0.003,459.4,8.9,419.8,1.837,39.62,7.188,18.72,0.148,12.82,1.722,31.36,147.2,530080.6
"2017-07-25 06:00:00",32868,101.3,14.1,10.3,1.385,389,3.672,413.1,0.497,17.93,0.079,91,12.73,-24.08,3.484,0.102,0.002,490.3,11.71,423.4,1.458,66.96,10.33,19.01,0.088,14.65,0.68,27.71,197.2,710098.5
"2017-07-25 07:00:00",32869,110.6,53.41,11.71,5.654,392.8,2.303,414.3,1.618,17.59,0.118,98.9,47.76,-21.46,2.951,0.106,0.005,503.4,51.88,426,6.946,77.42,44.99,19.22,0.285,15.36,0.424,99.6,221,795453.7
"2017-07-25 08:00:00",32870,193.6,111.3,20.42,11.51,389.9,4.191,419.9,6.211,17.91,0.339,173.2,99.8,-29.92,9.91,0.107,0.004,583.5,107.3,440.3,17.24,143.3,90.3,20.19,1.084,14.82,0.776,211.4,384.1,1382922
"2017-07-25 09:00:00",32871,154.2,67.93,16.21,6.891,388.9,1.657,415.6,5.555,16.67,0.643,138,61.05,-26.69,5.875,0.106,0.005,543.2,67.14,431.8,12.03,111.3,55.35,19.44,0.979,14.63,0.307,132.1,319.7,1151097
"2017-07-25 10:00:00",32872,68.75,14.52,7.373,1.6,388.2,0.517,407.3,0.779,16.16,0.13,61.38,12.94,-19.15,1.16,0.107,0.003,456.9,14.08,414.7,2.215,42.22,11.95,17.98,0.139,14.49,0.096,30.85,152.5,548976.9
"2017-07-25 11:00:00",32873,101.9,50.03,10.85,5.208,387.3,1.097,409.3,3.409,16.49,0.338,91,44.84,-22.01,3.532,0.107,0.004,489.2,49.43,420.2,7.983,69,41.75,18.33,0.607,14.34,0.204,99.5,215.4,775429.5
"2017-07-25 12:00:00",32874,119.6,27.83,12.75,2.892,386.8,0.78,412.2,1.215,16.82,0.105,106.9,24.94,-25.38,1.486,0.107,0.002,506.4,27.2,424.9,3.637,81.5,23.72,18.84,0.215,14.24,0.145,56.42,250.1,900454.9
"2017-07-25 13:00:00",32875,263.1,126.5,29.07,14.29,385.2,2.26,419,7.503,17.45,0.528,234,112.3,-33.79,9.06,0.11,0.002,648.4,124.9,448.1,21.15,200.3,104.1,20.04,1.305,13.95,0.422,234.8,511.5,1841529
"2017-07-25 14:00:00",32876,235.9,96.1,25.48,10.25,385.2,2.152,428.9,5.697,18.37,0.287,210.5,85.9,-43.63,7.753,0.108,0.001,621.2,94,454.3,15.86,166.8,78.23,21.75,0.979,13.95,0.401,176.8,452.5,1629177
"2017-07-25 15:00:00",32877,215.6,59.88,23.93,6.744,384,1.607,423.8,2.185,18.37,0.196,191.7,53.14,-39.75,3.243,0.111,0.001,599.6,60.26,447.7,8.03,151.9,52.5,20.88,0.379,13.73,0.299,111.3,411.7,1482128
"2017-07-25 16:00:00",32878,138.8,15.47,15.77,1.654,381.2,1.438,421.3,0.875,18.42,0.069,123,13.85,-40.1,1.166,0.114,0.002,520,15.99,437.1,2.36,82.9,13.7,20.45,0.152,13.2,0.27,27.96,266,957421.9
"2017-07-25 17:00:00",32879,126,23.01,15.45,2.975,374.6,5.999,417.1,2.443,18.5,0.086,110.6,20.06,-42.42,4.569,0.122,0.003,500.7,28.36,432.5,4.979,68.17,23.7,19.7,0.428,11.95,1.144,45.07,242.8,873967.1
"2017-07-25 18:00:00",32880,72.24,23.47,9.36,2.787,361.7,2.493,414.4,1.565,18.51,0.142,62.88,20.69,-52.76,3.154,0.131,0.007,433.9,23.31,423.8,4.324,10.12,19.04,19.24,0.276,9.45,0.486,45.14,133,478762.6
"2017-07-25 19:00:00",32881,5.403,9.68,0.95,1.492,367,2.981,409.2,1.043,19.41,0.523,4.452,8.19,-42.25,3.56,"INF","NAN",372.4,9.26,410.2,2.494,-37.8,7.026,18.32,0.186,10.48,0.577,14.05,13.27,47768.95
"2017-07-25 20:00:00",32882,-3.544,0.225,-0.416,0.092,368.4,0.643,406.6,0.552,19.61,0.102,-3.129,0.162,-38.18,0.5,0.116,0.021,364.9,0.663,406.2,0.55,-41.31,0.597,17.85,0.099,10.76,0.124,0.045,0.032,114.2895
"2017-07-25 21:00:00",32883,-3.505,0.193,-0.493,0.109,365.6,1.81,403.6,1.2,19.04,0.159,-3.012,0.136,-37.96,2.068,0.14,0.027,362.1,1.905,403.1,1.286,-40.97,2.104,17.31,0.216,10.22,0.35,0.001,0.008,27.87305
"2017-07-25 22:00:00",32884,-3.273,0.528,-0.428,0.119,366.5,5.325,401.6,1.123,18.61,0.06,-2.845,0.467,-35.04,4.34,0.131,0.032,363.2,5.795,401.1,1.181,-37.88,4.768,16.95,0.203,10.39,1.025,0.001,0.008,28.20178
"2017-07-25 23:00:00",32885,-4.615,0.74,-0.346,0.13,343.2,12.31,395.6,2.873,18.1,0.244,-4.269,0.81,-52.48,9.54,0.08,0.038,338.5,13,395.3,2.771,-56.75,10.32,15.87,0.525,5.735,2.487,0.001,0.006,22.8011
"2017-07-26 00:00:00",32886,-5.958,0.422,-0.676,0.248,329.4,1.931,388.2,1.465,17.54,0.253,-5.282,0.484,-58.74,3.116,0.114,0.042,323.5,2.248,387.5,1.617,-64.02,3.508,14.49,0.271,2.932,0.405,0.001,0.006,20.07898
