"TOA5","E7331","CR1000","E7331","CR1000.Std.26","CPU:rad_tower_v1_2.CR1","7834","Rad_dhm"
"TIMESTAMP","RECORD","SR01Up_Avg","SR01Up_Std","SR01Dn_Avg","SR01Dn_Std","IR01UpCo_Avg","IR01UpCo_Std","IR01DnCo_Avg","IR01DnCo_Std","NR01TC_Avg","NR01TC_Std","NetRs_Avg","NetRs_Std","NetRl_Avg","NetRl_Std","Albedo_Avg","Albedo_Std","UpTot_Avg","UpTot_Std","DnTot_Avg","DnTot_Std","NetTot_Avg","NetTot_Std","Tsurf_Avg","Tsurf_Std","Tsky_Avg","Tsky_Std","PAR_Std","PAR_Avg","PAR_Tot"
"TS","RN","W/m^2","W/m^2","W/m^2","W/m^2","W/m^2","W/m^2","W/m^2","W/m^2","Deg C","Deg C","W/m^2","W/m^2","W/m^2","W/m^2",".",".","W/m^2","W/m^2","W/m^2","W/m^2","W/m^2","W/m^2","Deg C","Deg C","Deg C","Deg C","umol/s/m^2","umol/s/m^2","umol/s/m^2"
"","","Avg","Std","Avg","Std","Avg","Std","Avg","Std","Avg","Std","Avg","Std","Avg","Std","Avg","Std","Avg","Std","Avg","Std","Avg","Std","Avg","Std","Avg","Std","Std","Avg","Tot"
"2017-07-27 01:00:00",32911,-6.025,0.748,-0.799,0.42,322.7,4.89,379.1,1.018,15.87,0.41,-5.225,0.429,-56.43,5.188,0.127,0.06,316.6,5.58,378.3,1.053,-61.65,5.507,12.8,0.192,1.5,1.036,0.001,0.006,20.17587
"2017-07-27 02:00:00",32912,-5.268,0.594,-1.04,0.49,334.2,1.204,379.5,0.56,15.77,0.233,-4.228,0.275,-45.23,1.221,0.19,0.082,329,1.088,378.4,0.902,-49.46,1.243,12.87,0.106,3.937,0.25,0.001,0.007,23.62654
"2017-07-27 03:00:00",32913,-4.581,1.716,-0.851,0.311,327.9,4.207,377.6,1.076,15.48,0.203,-3.73,1.459,-49.69,3.238,"NAN","NAN",323.3,3.507,376.8,0.876,-53.42,2.896,12.52,0.204,2.613,0.884,1.49,0.88,3166.256
"2017-07-27 04:00:00",32914,27.09,21.62,1.828,1.68,317.8,3.936,375.9,0.574,14.15,0.696,25.27,19.98,-58.07,3.871,0.061,0.023,344.9,18.3,377.7,1.852,-32.8,16.53,12.2,0.109,0.469,0.847,34.09,52.3,188265.6
"2017-07-27 05:00:00",32915,165.4,73.11,13.19,5.84,322.5,4.087,387.1,7.68,14.39,1.165,152.2,67.31,-64.68,4.641,0.079,0.004,487.8,76.41,400.3,13.31,87.5,63.24,14.3,1.422,1.461,0.873,65.12,226.8,816620.6
"2017-07-27 06:00:00",32916,320.4,63.08,27.7,7.419,324.1,1.302,411.1,6.819,17.59,0.366,292.7,55.74,-87,5.635,0.085,0.007,644.6,64.15,438.8,13.93,205.8,50.85,18.64,1.206,1.819,0.276,168.5,458.4,1650242
"2017-07-27 07:00:00",32917,497.1,43.16,48.07,4.642,329.7,1.53,438.9,7.773,19.41,0.664,449,38.57,-109.3,6.352,0.097,0.002,827,44.57,487,12.31,339.7,32.38,23.46,1.314,2.982,0.32,312,662.5,2384916
"2017-07-27 08:00:00",32918,586,176,59.02,18.2,337.6,6.034,458.1,5.005,20.48,0.191,527,158.2,-120.5,7.944,0.101,0.008,924,174.1,517.1,21.46,406.5,153.4,26.65,0.82,4.62,1.233,333.8,983,3538532
"2017-07-27 09:00:00",32919,649.7,309.9,76.11,31.68,359.8,26.29,475.9,9.12,21.55,0.454,573.6,282,-116,26.26,0.156,0.179,1009,313.7,552,38.34,457.5,281.2,29.51,1.457,8.96,4.9,"NAN","NAN","NAN"
"2017-07-27 10:00:00",32920,777.9,293.3,91,33.99,352.3,8.12,495.9,11.17,22.77,0.533,687,259.9,-143.6,10.9,0.117,0.012,1130,293.3,586.9,41.51,543.4,253.1,32.65,1.726,7.585,1.608,518.9,1425,5130580
"2017-07-27 11:00:00",32921,583.6,363.9,63.04,39.35,373.7,11.79,488.5,15.19,23.03,0.534,520.5,325,-114.8,22.18,0.108,0.011,957,358.6,551.6,51.52,405.7,308.6,31.49,2.354,11.75,2.26,654.8,1081,3889878
"2017-07-27 12:00:00",32922,466.2,234.8,50.96,24.64,386.5,5.32,476.8,11.63,22.95,0.538,415.2,210.5,-90.4,15.79,0.11,0.006,853,233.4,527.8,34.27,324.8,200.5,29.66,1.845,14.17,0.992,434.8,876,3152326
"2017-07-27 13:00:00",32923,321.1,70.77,35.26,7.706,391.6,3.11,465,4.317,22.66,0.187,285.9,63.22,-73.41,7.176,0.11,0.003,712.7,68.09,500.2,11.57,212.5,57.06,27.77,0.698,15.12,0.573,133.4,600,2159884
"2017-07-27 14:00:00",32924,166.6,34.9,18.85,3.595,397.9,2.717,450.7,3.815,22.25,0.137,147.7,31.32,-52.78,6.373,0.114,0.003,564.4,32.86,469.5,7.073,94.9,26.3,25.43,0.631,16.28,0.493,64.71,320.6,1154043
"2017-07-27 15:00:00",32925,432.5,194.1,51.03,23.61,387.1,10.22,457.6,7.972,22.39,0.348,381.4,170.9,-70.5,16.08,0.118,0.009,820,190.1,508.7,30.27,310.9,160.7,26.58,1.306,14.29,1.912,348.8,812,2923356
"2017-07-27 16:00:00",32926,430.2,111.8,54.41,14.12,351.8,7,454.6,6.193,21.93,0.415,375.8,98,-102.8,3.47,0.126,0.009,782,115.5,509,18.76,273,97.2,26.09,1.02,7.497,1.394,193.1,813,2925994
"2017-07-27 17:00:00",32927,211.2,109.4,27.41,15.45,352.7,20.73,432.2,6.382,19.75,0.809,183.8,94,-79.48,25.85,0.124,0.014,563.9,94.4,459.6,21.34,104.3,73.65,22.32,1.09,7.6,4.043,205.1,407.5,1467058
"2017-07-27 18:00:00",32928,38.38,21.46,4.616,2.482,381.3,8.16,417.5,2.89,18.3,0.428,33.76,18.99,-36.24,6.453,0.122,0.009,419.6,26.27,422.1,5.305,-2.478,21.02,19.78,0.507,13.2,1.553,36.8,77.33,278404.6
"2017-07-27 19:00:00",32929,0.287,5.005,0.55,0.353,337.6,12.03,404.4,3.846,18.51,0.268,-0.262,4.662,-66.77,8.69,"NAN","NAN",337.9,16.77,404.9,4.183,-67.03,12.9,17.45,0.69,4.599,2.427,9.87,11.58,41697.52
"2017-07-27 20:00:00",32930,-4.97,0.174,0.216,0.039,327.7,0.493,396.6,1.311,17.74,0.123,-5.186,0.161,-68.9,0.95,-0.044,0.009,322.7,0.627,396.8,1.33,-74.08,0.882,16.04,0.239,2.565,0.104,0.07,0.044,158.923
"2017-07-27 21:00:00",32931,-5.357,0.219,-0.041,0.2,328.7,0.837,393.2,0.885,17.55,0.037,-5.317,0.202,-64.57,1.685,0.007,0.037,323.3,0.793,393.2,1.059,-69.89,1.765,15.43,0.162,2.773,0.176,0.001,0.006,21.52178
"2017-07-27 22:00:00",32932,-5.277,0.22,-0.365,0.291,333.6,3.546,391.1,0.726,17.26,0.169,-4.912,0.332,-57.47,4.184,0.069,0.056,328.3,3.577,390.7,0.992,-62.38,4.467,15.03,0.134,3.802,0.733,0.001,0.006,21.51849
"2017-07-27 23:00:00",32933,-3.883,0.922,-0.457,0.145,348.3,11.75,390.7,1.337,16.68,0.115,-3.426,0.835,-42.42,10.45,0.12,0.031,344.4,12.65,390.3,1.399,-45.85,11.27,14.97,0.246,6.778,2.333,0.001,0.006,23.04599
"2017-07-28 00:00:00",32934,-2.797,0.302,-0.668,0.104,369.4,3.294,394.2,0.426,16.85,0.098,-2.129,0.234,-24.78,2.964,0.238,0.025,366.6,3.543,393.5,0.455,-26.91,3.155,15.6,0.078,10.95,0.635,0.001,0.008,28.78455
