"TOA5","E7331","CR1000","E7331","CR1000.Std.26","CPU:rad_tower_v1_2.CR1","7834","Rad_dhm"
"TIMESTAMP","RECORD","SR01Up_Avg","SR01Up_Std","SR01Dn_Avg","SR01Dn_Std","IR01UpCo_Avg","IR01UpCo_Std","IR01DnCo_Avg","IR01DnCo_Std","NR01TC_Avg","NR01TC_Std","NetRs_Avg","NetRs_Std","NetRl_Avg","NetRl_Std","Albedo_Avg","Albedo_Std","UpTot_Avg","UpTot_Std","DnTot_Avg","DnTot_Std","NetTot_Avg","NetTot_Std","Tsurf_Avg","Tsurf_Std","Tsky_Avg","Tsky_Std","PAR_Std","PAR_Avg","PAR_Tot"
"TS","RN","W/m^2","W/m^2","W/m^2","W/m^2","W/m^2","W/m^2","W/m^2","W/m^2","Deg C","Deg C","W/m^2","W/m^2","W/m^2","W/m^2",".",".","W/m^2","W/m^2","W/m^2","W/m^2","W/m^2","W/m^2","Deg C","Deg C","Deg C","Deg C","umol/s/m^2","umol/s/m^2","umol/s/m^2"
"","","Avg","Std","Avg","Std","Avg","Std","Avg","Std","Avg","Std","Avg","Std","Avg","Std","Avg","Std","Avg","Std","Avg","Std","Avg","Std","Avg","Std","Avg","Std","Std","Avg","Tot"
"2017-05-05 01:00:00",30919,-6.146,0.655,-0.822,0.203,295.2,1.267,357.4,1.207,12.11,0.202,-5.324,0.63,-62.19,0.614,0.134,0.031,289,1.681,356.5,1.315,-67.51,0.952,8.61,0.238,-4.539,0.288,0.001,0.007,24.99158
"2017-05-05 02:00:00",30920,-2.596,1.049,-0.831,0.229,338.1,18.53,360.5,1.941,11.28,0.141,-1.765,1.108,-22.39,16.9,0.371,0.161,335.5,19.54,359.7,1.846,-24.15,17.97,9.23,0.38,4.663,3.901,0.002,0.012,44.61305
"2017-05-05 03:00:00",30921,-1.912,0.529,-1.152,0.265,356.5,4.085,362.6,0.411,11.3,0.093,-0.76,0.305,-6.175,3.8,0.617,0.087,354.6,4.532,361.5,0.614,-6.935,4.075,9.65,0.08,8.43,0.81,0.232,0.146,527.3608
"2017-05-05 04:00:00",30922,7.088,6.305,0.344,1.074,360.7,0.895,363.4,0.403,11.25,0.217,6.745,5.245,-2.707,0.615,-0.037,3.485,367.8,5.54,363.7,0.83,4.038,4.768,9.79,0.078,9.26,0.175,11.42,15.89,57195.63
"2017-05-05 05:00:00",30923,46.38,19.31,6.397,2.707,359,0.56,363.2,0.864,9.43,0.293,39.99,16.63,-4.258,0.52,0.138,0.007,405.4,19.53,369.6,3.392,35.73,16.17,9.76,0.168,8.93,0.11,33.68,86.7,312244
"2017-05-05 06:00:00",30924,111,26.37,13.96,2.789,358.1,0.889,366.1,1.59,9.32,0.103,97,23.64,-8.02,2.027,0.127,0.007,469,25.8,380.1,4.169,89,21.71,10.32,0.307,8.75,0.175,47.7,204,734443.5
"2017-05-05 07:00:00",30925,171,19.94,16.44,1.896,359.5,1.694,374.8,3.46,10.06,0.487,154.6,18.46,-15.32,1.922,0.096,0.007,530.5,20.42,391.2,3.798,139.2,17.31,11.98,0.658,9.02,0.332,35.79,313.6,1129003
"2017-05-05 08:00:00",30926,289.7,60.51,28.56,6.622,360.6,1.733,389.7,6.749,11.66,0.567,261.1,53.93,-29.11,7.917,0.098,0.004,650.2,59.92,418.2,13.07,232,47.69,14.77,1.245,9.24,0.34,102.4,526.1,1894112
"2017-05-05 09:00:00",30927,628.4,163.1,66.32,19.08,327.3,15.95,423.6,12.26,14.85,0.829,562.1,144.9,-96.2,27.43,0.105,0.008,956,151.2,489.9,30.77,465.8,123.8,20.82,2.119,2.431,3.325,267.4,1093,3934330
"2017-05-05 10:00:00",30928,811,59.12,91.2,6.239,310.7,2.407,457.1,6.832,17.52,0.681,720,53.19,-146.4,5.421,0.113,0.003,1122,59.91,548.3,11.17,573.6,50.07,26.49,1.12,-1.081,0.526,103.4,1420,5113156
"2017-05-05 11:00:00",30929,719.7,150.5,75.86,16.2,326.5,5.978,465.3,9.23,19.11,0.449,643.9,134.4,-138.9,14.39,0.105,0.001,1046,145.8,541.2,24.37,505,121.9,27.82,1.495,2.307,1.26,263.2,1269,4567779
"2017-05-05 12:00:00",30930,488,33.59,52.38,3.622,335.7,0.95,439.7,3.334,17.83,0.271,435.6,30.05,-103.9,3.955,0.107,0.001,824,33.51,492,5.055,331.7,29.53,23.59,0.562,4.248,0.196,58.82,868,3123700
"2017-05-05 13:00:00",30931,456.6,82.1,51.22,10.31,342.4,4.909,434.9,3.216,17.75,0.244,405.4,71.84,-92.5,6.348,0.112,0.003,799,80.4,486.1,13.06,312.9,67.47,22.78,0.547,5.611,0.995,143.7,813,2925030
"2017-05-05 14:00:00",30932,508.3,233.9,58.22,27.79,343.3,5.445,437.3,7.763,18.23,0.501,450,206.6,-94,9.51,0.114,0.009,852,233.4,495.5,33.07,356,201.7,23.19,1.315,5.79,1.104,394.9,909,3271931
"2017-05-05 15:00:00",30933,514.3,178.3,60.02,20.75,342.7,5.138,444.3,4.983,19.19,0.256,454.2,158.2,-101.6,5.783,0.117,0.011,857,178.6,504.3,24.18,352.6,155.7,24.37,0.838,5.664,1.048,296.7,912,3282609
"2017-05-05 16:00:00",30934,333.9,103.9,40.04,13.07,340.1,8.5,429.7,3.752,18.57,0.41,293.9,91.4,-89.6,8.74,0.119,0.011,674,102.5,469.7,15.24,204.2,88.4,21.9,0.646,5.12,1.727,164.2,593.9,2138025
"2017-05-05 17:00:00",30935,201.9,84.3,25.56,10.48,337.9,12.75,421.4,8.25,18.25,0.673,176.3,73.94,-83.5,6.827,0.127,0.006,539.8,93.4,447,18.02,92.8,75.71,20.45,1.441,4.659,2.602,135.7,345.8,1245052
"2017-05-05 18:00:00",30936,44.78,28.85,6.354,3.7,328.3,4.11,400.5,2.953,16.81,0.398,38.43,25.16,-72.23,6.977,0.159,0.033,373.1,24.92,406.9,6.566,-33.81,18.41,16.76,0.534,2.698,0.864,46.6,77.87,280344.6
"2017-05-05 19:00:00",30937,-2.66,1.419,-0.459,0.396,357.5,12.56,396.4,0.77,17.69,0.076,-2.201,1.093,-38.97,11.99,"NAN","NAN",354.8,11.86,396,0.719,-41.17,11.55,16.01,0.14,8.6,2.491,2.737,1.766,6356.197
"2017-05-05 20:00:00",30938,-2.939,0.281,-0.835,0.199,372.6,1.912,396,0.98,17.32,0.155,-2.105,0.206,-23.37,1.218,0.282,0.047,369.7,2,395.2,1.076,-25.47,1.186,15.94,0.179,11.58,0.365,0.001,0.011,39.23418
"2017-05-05 21:00:00",30939,-3.562,1.474,0.289,1.613,380.5,5.748,391.4,3.202,16,1.085,-3.852,2.451,-10.84,8.34,-0.065,0.483,376.9,5.447,391.6,2.222,-14.7,7.062,15.08,0.591,13.06,1.083,0.001,0.012,43.05784
"2017-05-05 22:00:00",30940,-1.899,0.156,1.078,0.233,387.9,0.783,386.1,0.438,14.6,0.111,-2.977,0.32,1.73,0.803,-0.569,0.113,386,0.843,387.2,0.487,-1.247,0.979,14.12,0.082,14.44,0.145,0.001,0.013,45.53187
"2017-05-05 23:00:00",30941,-1.617,0.279,0.784,0.202,388.1,1.126,385.7,0.54,14.59,0.21,-2.401,0.228,2.395,0.633,-0.512,0.187,386.4,0.893,386.5,0.475,-0.006,0.575,14.03,0.1,14.48,0.209,0.001,0.015,54.05294
"2017-05-06 00:00:00",30942,-1.983,0.162,-0.027,0.368,390.6,0.808,386.2,0.235,15.03,0.139,-1.956,0.377,4.414,0.72,0.011,0.177,388.6,0.802,386.2,0.399,2.458,1.068,14.13,0.044,14.95,0.149,0.001,0.017,62.36102
