"TOA5","E7331","CR1000","E7331","CR1000.Std.26","CPU:rad_tower_v1_2.CR1","7834","Rad_dhm"
"TIMESTAMP","RECORD","SR01Up_Avg","SR01Up_Std","SR01Dn_Avg","SR01Dn_Std","IR01UpCo_Avg","IR01UpCo_Std","IR01DnCo_Avg","IR01DnCo_Std","NR01TC_Avg","NR01TC_Std","NetRs_Avg","NetRs_Std","NetRl_Avg","NetRl_Std","Albedo_Avg","Albedo_Std","UpTot_Avg","UpTot_Std","DnTot_Avg","DnTot_Std","NetTot_Avg","NetTot_Std","Tsurf_Avg","Tsurf_Std","Tsky_Avg","Tsky_Std","PAR_Std","PAR_Avg","PAR_Tot"
"TS","RN","W/m^2","W/m^2","W/m^2","W/m^2","W/m^2","W/m^2","W/m^2","W/m^2","Deg C","Deg C","W/m^2","W/m^2","W/m^2","W/m^2",".",".","W/m^2","W/m^2","W/m^2","W/m^2","W/m^2","W/m^2","Deg C","Deg C","Deg C","Deg C","umol/s/m^2","umol/s/m^2","umol/s/m^2"
"","","Avg","Std","Avg","Std","Avg","Std","Avg","Std","Avg","Std","Avg","Std","Avg","Std","Avg","Std","Avg","Std","Avg","Std","Avg","Std","Avg","Std","Avg","Std","Std","Avg","Tot"
"2017-06-07 01:00:00",31711,-2.921,0.713,1.717,0.712,386.4,8.54,400.8,2.749,17.22,0.445,-4.638,1.354,-14.35,6.311,-0.572,0.17,383.5,8.39,402.5,3.181,-18.98,6.107,16.8,0.497,14.16,1.591,0.001,0.01,34.89571
"2017-06-07 02:00:00",31712,-2.55,0.523,0.136,0.32,383.5,1.059,395.6,1.402,16.59,0.371,-2.686,0.565,-12.05,1.3,-0.056,0.122,381,1.285,395.7,1.356,-14.74,1.15,15.86,0.256,13.63,0.198,0.003,0.013,47.00511
"2017-06-07 03:00:00",31713,-2.786,0.764,0.177,0.292,384.3,1.274,394.6,0.474,16.33,0.185,-2.964,0.941,-10.29,0.971,-0.053,0.101,381.5,1.367,394.8,0.348,-13.25,1.257,15.68,0.087,13.78,0.238,1.147,1.274,4585.457
"2017-06-07 04:00:00",31714,9.23,9.55,1.661,1.14,371,3.691,385,2.105,14.09,0.442,7.574,8.63,-13.99,2.324,0.209,1.363,380.3,7.669,386.7,2.083,-6.413,6.709,13.91,0.391,11.27,0.702,15.15,24.59,88533.55
"2017-06-07 05:00:00",31715,156.5,81.5,14.56,7.38,339.4,14.99,389.8,2.671,14.19,0.406,141.9,74.16,-50.43,16.31,0.095,0.01,495.9,72.72,404.4,9.37,91.5,63.65,14.8,0.493,4.95,3.052,144.5,287.2,1033777
"2017-06-07 06:00:00",31716,270.6,91.6,26.72,7.652,353.4,7.308,404.3,2.792,15.58,0.215,243.9,84.1,-50.87,6.982,0.1,0.007,624,85.6,431,8.22,193,78.24,17.43,0.501,7.813,1.473,124.3,452.4,1628564
"2017-06-07 07:00:00",31717,471.5,184,48.71,18.36,345.3,4.578,424.1,10.26,16.9,0.629,422.8,165.7,-78.75,11.85,0.104,0.002,817,183.5,472.8,26.89,344,157.6,20.91,1.782,6.201,0.924,306.4,825,2971457
"2017-06-07 08:00:00",31718,607.3,185.7,63.84,19.42,329.8,3.85,437.1,12.51,17.72,0.702,543.5,166.3,-107.3,14.63,0.105,0.002,937,184,501,31.24,436.2,153.2,23.14,2.122,3.013,0.805,324.6,1075,3869139
"2017-06-07 09:00:00",31719,895,99.9,102.6,13.31,327.6,4.544,464.6,6.214,18.81,0.164,792.3,87.6,-137.1,4.067,0.115,0.006,1223,100.9,567.3,18.52,655.2,85.3,27.72,1.009,2.541,0.952,180.8,1598,5751315
"2017-06-07 10:00:00",31720,851,127.3,99.5,17.4,332.8,5.386,469.3,5.818,18.84,0.299,751.6,110.2,-136.5,10.1,0.117,0.005,1184,124,568.9,22.27,615.1,102.4,28.48,0.938,3.641,1.122,229.6,1525,5490924
"2017-06-07 11:00:00",31721,736.7,116,80.9,12.68,332.2,4.064,462,4.817,18.69,0.204,655.8,103.4,-129.8,7.939,0.11,0.002,1069,115.4,542.9,16.3,526.1,99.5,27.29,0.782,3.521,0.847,208.3,1318,4743434
"2017-06-07 12:00:00",31722,960,62.73,105.4,7.708,316.2,2.979,482.5,6.402,19.75,0.351,855,56.59,-166.3,8.92,0.11,0.005,1276,61.4,587.9,13.32,688.4,53.49,30.57,1.011,0.127,0.64,118.3,1749,6295249
"2017-06-07 13:00:00",31723,862,103.8,117.2,13.79,317.1,1.999,484.9,8.08,20.45,0.349,744.7,90.9,-167.8,9.8,0.136,0.005,1179,103,602.1,19.21,576.9,84.8,30.95,1.271,0.324,0.43,186.1,1581,5692143
"2017-06-07 14:00:00",31724,658.9,242,84.5,33.1,328.2,7.457,473.6,8.97,20.62,0.391,574.4,209.7,-145.4,13.83,0.126,0.014,987,238.8,558.1,39.52,429,201.2,29.15,1.435,2.674,1.56,432.3,1217,4380434
"2017-06-07 15:00:00",31725,618.7,63.11,76.9,7.309,318.9,1.406,471.9,4.16,21.21,0.208,541.8,56.12,-153,3.038,0.124,0.005,938,63.67,548.8,10.19,388.9,54.13,28.88,0.666,0.703,0.302,113.9,1143,4116122
"2017-06-07 16:00:00",31726,441,97.5,57.16,12.8,320.2,3.876,454.1,5.881,20.95,0.314,383.8,84.8,-134,7.677,0.129,0.005,761.1,97.8,511.3,17.42,249.9,80.8,26,0.969,0.968,0.824,167.9,820,2953584
"2017-06-07 17:00:00",31727,246.9,95.2,33.09,13.34,327,16.27,439.5,4.734,20.76,0.348,213.8,82,-112.6,20.1,0.133,0.009,573.9,83.1,472.6,17.79,101.3,65.77,23.57,0.799,2.357,3.351,175.4,462.3,1664454
"2017-06-07 18:00:00",31728,82,32.77,11.05,4.19,350.1,7.652,425.4,4.47,19.73,0.335,70.97,28.61,-75.29,6.765,0.136,0.008,432.2,36.72,436.5,8.39,-4.325,28.58,21.16,0.773,7.163,1.533,55.78,148.9,536193.7
"2017-06-07 19:00:00",31729,11.55,9.64,2.293,1.441,352.6,6.486,413.7,1.41,19.68,0.536,9.25,8.24,-61.07,7.32,"NAN","NAN",364.1,7.859,416,2.78,-51.82,6.042,19.11,0.249,7.658,1.304,17.3,24.68,88848.01
"2017-06-07 20:00:00",31730,-5.295,0.491,-0.225,0.218,353,5.841,407.4,0.873,19.76,0.058,-5.07,0.36,-54.49,6.318,0.04,0.038,347.7,5.9,407.2,1.058,-59.56,6.397,18,0.156,7.731,1.172,0.534,0.327,1178.605
"2017-06-07 21:00:00",31731,-5.835,0.403,-0.534,0.292,345.7,9.44,401.7,2.332,19.14,0.329,-5.301,0.618,-55.91,7.974,0.094,0.055,339.9,9.71,401.1,2.132,-61.21,8.5,16.96,0.421,6.274,1.917,0.001,0.007,26.9624
"2017-06-07 22:00:00",31732,-4.231,0.257,-0.39,0.334,345.1,4.515,395.6,1.973,17.29,0.436,-3.841,0.257,-50.52,2.88,0.09,0.07,340.9,4.522,395.2,1.8,-54.36,3.114,15.87,0.36,6.16,0.911,0.001,0.007,25.51168
"2017-06-07 23:00:00",31733,-3.81,0.728,-0.106,0.112,343.9,7.619,391.2,0.441,16.35,0.203,-3.704,0.672,-47.3,7.391,0.026,0.027,340.1,8.3,391.1,0.411,-51,8.04,15.05,0.081,5.904,1.542,0.001,0.007,26.0018
"2017-06-08 00:00:00",31734,-3.434,0.701,-0.093,0.11,345.2,8.83,390,1.482,15.99,0.042,-3.34,0.653,-44.82,7.42,0.025,0.031,341.8,9.51,390,1.538,-48.16,8.05,14.84,0.274,6.171,1.79,0.001,0.008,27.34574
